0.232073170731707
0.225243902439024
0.220182926829268
0.221829268292683
0.226890243902439
0.22859756097561
0.23359756097561
0.23359756097561
0.236951219512195
0.24030487804878
0.24030487804878
0.236890243902439
0.236890243902439
0.236890243902439
0.231768292682927
0.230060975609756
0.231707317073171
0.221524390243902
0.21640243902439
0.218109756097561
0.236707317073171
0.241768292682927
0.240060975609756
0.238353658536585
0.236646341463415
0.236646341463415
0.231524390243902
0.216219512195122
0.217926829268293
0.248353658536585
0.239878048780488
0.238170731707317
0.238170731707317
0.238170731707317
0.238170731707317
0.239756097560975
0.241463414634146
0.244817073170732
0.244817073170732
0.244817073170732
0.246463414634146
0.253170731707317
0.258231707317073
0.259939024390244
0.258231707317073
0.256524390243903
0.261585365853658
0.263231707317073
0.261524390243903
0.261524390243903
0.263170731707317
0.261463414634146
0.256341463414634
0.234329268292683
0.229207317073171
0.249512195121951
0.232560975609756
0.234207317073171
0.240975609756098
0.247743902439024
0.247743902439024
0.249390243902439
0.254451219512195
0.259512195121951
0.261219512195122
0.261219512195122
0.259451219512195
0.26109756097561
0.264512195121951
0.262743902439024
0.262743902439024
0.264390243902439
0.26609756097561
0.260975609756098
0.254764776839566
0.253699284009546
0.261331775700935
0.283408071748879
0.304045643153527
0.308350305498982
0.310581418987599
0.32328725350681
0.33457003455987
0.351494206139459
0.351443382801382
0.344378938808701
0.340109778410246
0.337263671477943
0.335840618011791
0.340058955072169
0.349918682659077
0.356983126651758
0.352713966253303
0.354137019719455
0.368215084366741
0.383716202480179
0.393575930067087
0.363945923968286
0.34697092905062
0.34697092905062
0.344124822118317
0.337060378125635
0.337009554787558
0.362421223825981
0.356729009961374
0.348241512502541
0.352459849562919
0.353882903029071
0.357874257628507
0.359307802580381
0.366373131271759
0.370622568093385
0.367755478189637
0.374236252545825
0.382688391038696
0.391140529531568
0.416187050359712
0.437823275862069
0.434806034482759
0.422032967032967
0.413396860986547
0.405605381165919
0.424240654205608
0.410143198090692
0.381921241050119
0.381061519903498
0.385243902439024
0.371646341463414
0.35469512195122
0.344512195121951
0.347865853658537
0.346158536585366
0.342743902439024
0.344390243902439
0.34609756097561
0.34609756097561
0.34609756097561
0.34609756097561
0.34609756097561
0.34609756097561
0.340853658536585
0.337439024390244
0.337439024390244
0.340792682926829
0.349268292682927
0.354329268292683
0.354329268292683
0.352560975609756
0.349146341463415
0.347439024390244
0.347439024390244
0.347439024390244
0.345670731707317
0.342317073170732
0.340548780487805
0.342256097560976
0.349024390243902
0.350670731707317
0.350670731707317
0.350670731707317
0.350670731707317
0.352256097560976
0.353963414634146
0.352256097560976
0.347134146341463
0.345426829268293
0.345426829268293
0.343658536585366
0.343658536585366
0.343658536585366
0.340243902439024
0.338536585365854
0.333414634146341
0.323231707317073
0.29780487804878
0.301158536585366
0.309634146341463
0.30280487804878
0.306158536585366
0.328170731707317
0.358658536585366
0.36030487804878
0.356890243902439
0.355182926829268
0.355182926829268
0.355182926829268
0.353414634146342
0.353414634146342
0.351707317073171
0.348292682926829
0.341524390243902
0.343170731707317
0.349939024390244
0.346524390243902
0.338048780487805
0.336341463414634
0.317682926829268
0.321036585365854
0.32780487804878
0.332865853658537
0.344695121951219
0.354817073170732
0.346341463414634
0.342926829268293
0.342926829268293
0.33780487804878
0.334390243902439
0.337743902439024
0.347865853658537
0.347865853658537
0.347865853658537
0.342743902439024
0.341036585365854
0.330853658536585
0.290182926829268
0.273231707317073
0.26640243902439
0.263048780487805
0.264695121951219
0.26640243902439
0.264634146341463
0.261219512195122
0.257804878048781
0.251036585365853
0.245914634146341
0.278109756097561
0.298414634146341
0.306829268292683
0.279695121951219
0.266158536585366
0.269512195121951
0.279695121951219
0.279695121951219
0.281341463414634
0.282987804878049
0.266036585365854
0.259207317073171
0.255853658536585
0.2575
0.259146341463415
0.250670731707317
0.248963414634146
0.248963414634146
0.243841463414634
0.238719512195122
0.255670731707317
0.259024390243902
0.259024390243902
0.257317073170732
0.255609756097561
0.260609756097561
0.262317073170732
0.267378048780488
0.272439024390244
0.270731707317073
0.26390243902439
0.265609756097561
0.268963414634146
0.268963414634146
0.268963414634146
0.268963414634146
0.268963414634146
0.268963414634146
0.268963414634146
0.258658536585366
0.251829268292683
0.250121951219512
0.250121951219512
0.250121951219512
0.251768292682927
0.251768292682927
0.246646341463415
0.241524390243903
0.241524390243903
0.253353658536585
0.253353658536585
0.253353658536585
0.255
0.265121951219512
0.265121951219512
0.265121951219512
0.265121951219512
0.266707317073171
0.266707317073171
0.266707317073171
0.265
0.261585365853658
0.261585365853658
0.263231707317073
0.275060975609756
0.278414634146341
0.288536585365854
0.286829268292683
0.281768292682927
0.273231707317073
0.264756097560975
0.26640243902439
0.273170731707317
0.273170731707317
0.266341463414634
0.262987804878049
0.269695121951219
0.276463414634146
0.271341463414634
0.266280487804878
0.259451219512195
0.256036585365853
0.288419782870929
0.313484486873508
0.386390186915888
0.430140186915888
0.375
0.364167650531287
0.365379975874548
0.36145584725537
0.373031026252983
0.369067296340024
0.369067296340024
0.37060212514758
0.386219512195122
0.386219512195122
0.382743902439024
0.377682926829268
0.377682926829268
0.374207317073171
0.360670731707317
0.355548780487805
0.355548780487805
0.355548780487805
0.348719512195122
0.347012195121951
0.347012195121951
0.347012195121951
0.347012195121951
0.347012195121951
0.347012195121951
0.347012195121951
0.348536585365854
0.35359756097561
0.346829268292683
0.34
0.338292682926829
0.338292682926829
0.338292682926829
0.341646341463415
0.348353658536585
0.348353658536585
0.343231707317073
0.343231707317073
0.343231707317073
0.341524390243902
0.326219512195122
0.292317073170732
0.266890243902439
0.266890243902439
0.263475609756097
0.263475609756097
0.263475609756097
0.266829268292683
0.276951219512195
0.283719512195122
0.28030487804878
0.27859756097561
0.273475609756098
0.265
0.261585365853658
0.259878048780488
0.256463414634146
0.261524390243903
0.276768292682927
0.280121951219512
0.276707317073171
0.275
0.275
0.276646341463415
0.28
0.28
0.271463414634146
0.268048780487805
0.257865853658536
0.254512195121951
0.249390243902439
0.251036585365853
0.254451219512195
0.254451219512195
0.25609756097561
0.259451219512195
0.259451219512195
0.259451219512195
0.259451219512195
0.257682926829268
0.252560975609756
0.250853658536585
0.250853658536585
0.247439024390244
0.247439024390244
0.257560975609756
0.262621951219512
0.262621951219512
0.262621951219512
0.262621951219512
