15400468737.202
15828321141.0716
16005149544.3103
15851172351.219
15492621382.1867
15834224025.3587
15544594774.962
14849099144.171
15241929541.9528
15031612604.3224
15361925666.7357
15628877213.7963
15792826594.2461
15304219426.8367
14760874640.459
14517181614.9446
14484485007.5243
14316272301.7008
14544160040.3557
14839959224.9928
14358373068.5695
14037197966.1971
13670056022.97
13179936340.4493
13249549100.7592
13221337115.2986
13618827976.2071
14067481191.5818
14467963618.9069
15185525750.1613
15608942764.4873
16134140618.408
16885806825.9602
16980983251.295
15847259644.865
15731866263.1516
15865615543.5878
16331012421.2482
16245763819.7882
15888720038.6003
15688366835.474
15971342865.4957
16538249663.1799
17229229121.8111
19473916917.2873
19866899189.6989
20091428877.1557
19535496022.3549
19464887949.5995
20399565436.6943
21092127235.0127
20845405645.0492
19876137172.9653
17507286176.9186
