10623204644.2773
10810953542.356
10551872500.796
10352259022.5933
9813716387.72
10193912874.4533
9839225895.72266
9256025775.737
10113975756.544
9847215498.328
10138116458.277
10370961798.261
10295872610.358
9958653907.025
9379303895.52534
9316031729.81866
9313509024.944
9253157368.37867
9622363604.58
10029721902.302
9472455578.116
9239611791.693
8950264374.48
8549503142.336
8766545787.23734
8785690991.516
9143495493.652
9552361167.702
9911069852.124
10907847930.044
11352396882.588
11817231346.5093
12345070647.0613
12625184927.817
11511197048.439
11332675015.112
10763420958.2147
10446292394.523
10320909275.061
9973337584.246
10007059375.982
10704098477.6427
11687932888.224
12645415349.264
15862603121.8813
16286002117.3807
16379391914.334
15111674715.0027
14207511443.661
14115038555.2287
13106100255.789
11503479315.728
11181491332.77
10709582052.4223
