2943375206.564
2979254230.161
2764914166.476
2722015447.055
2728815143.04
2717447557.04
2711736429.856
3133592943.669
2417826156.192
2692271378.913
2729396494.377
2740800161.673
2793423620.448
2786025000
3496850830.406
3398061244.864
3393871833.792
3351272272.516
3045697138.305
2188076287.494
2212980716.436
2196428436.468
2331551701.71
2272263028.776
2282120806.4
2276563353.6
2354651876.772
2733979029.336
3417025833.9
2912701937.088
3124796897.484
3156436528.856
3046244660.168
2961032576.292
3263709272.427
3264866462.259
3537550274.764
3586795927.308
3634859310.516
3595759589.376
3572448344.064
3520564765
3528452204.604
3638919620.214
3734385809.108
3752052351.298
3935017316.214
4090601881.6
3821362685.748
3516232705.066
3574440901.233
3246509127.936
3118300067.61
2969892209.252
