0.243612903225806
0.225741935483871
0.208
0.209354838709677
0.210322580645161
0.205483870967742
0.208645161290323
0.224451612903226
0.233032258064516
0.235032258064516
0.227290322580645
0.221096774193548
0.210451612903226
0.224193548387097
0.23316129032258
0.244451612903226
0.246258064516129
0.253935483870968
0.255161290322581
0.253806451612903
0.26058064516129
0.27141935483871
0.283225806451613
0.298967741935484
0.305548387096774
0.308967741935484
0.297290322580645
0.284774193548387
0.273612903225806
0.271806451612903
0.263290322580645
0.248645161290322
0.223096774193549
0.228838709677419
0.254
0.253483870967742
0.222
0.190516129032258
0.190903225806452
0.197032258064516
0.206838709677419
0.214451612903226
0.218129032258064
0.21458064516129
0.209548387096774
0.202451612903226
0.191870967741936
0.176516129032258
0.155290322580645
0.123483870967742
0.0972258064516131
0.0900645161290322
0.103870967741935
0.154
